start
178,215 174,240 333,196 297,180
816,204 960,291 1001,287 874,210
1264,570 1076,857 1250,960 1280,600
0,420 0,681 76,694 57,413
end
0,311 0,410 38,415 38,316
1057,843 658,921 707,960 1193,960
1001,307 1191,422 1189,401 1032,306
285,176 322,197 424,170 347,151
direction
1:1-1 7,325 - 168,219 98,274 0,306 0,426 198,357 264,249 262,191
2:1-2 907,924 - 178,218 668,960 1280,960 315,178
3:1-3 1067,314 - 316,179 530,240 828,287 991,281 1198,407 770,404 476,371 234,199
4:2-4 359,145 - 850,197 625,188 403,152 288,185 453,259 698,265 928,245
5:2-1 7,364 - 977,274 0,422 0,288 419,211 829,183
6:2-2 1078,922 - 1004,288 876,348 918,655 1233,960 742,960 546,734 546,460 663,258 885,215
7:3-3 1166,376 - 1280,588 1181,401 1034,306 991,436 1125,669 1280,804
8:3-4 340,170 - 1280,685 703,250 407,152 286,184 1280,960
9:3-1 7,399 - 1280,960 1148,960 745,638 217,414 0,427 0,314 302,251 682,360 933,488 1280,758
10:4-2 782,931 - 0,718 428,846 637,960 1248,960 860,652 411,477 0,478
11:4-3 1110,348 - 0,681 770,519 1195,402 1016,296 576,344 0,461
12:4-4 330,197 - 0,515 298,460 490,350 532,224 411,152 298,184 210,347 0,416