start
92,176 114,201 280,166 250,139
706,84 858,150 930,143 764,83
1207,344 1184,559 1280,583 1280,367
0,424 0,956 214,928 57,397
end
0,235 0,348 43,343 34,235
1181,566 1171,960 1280,960 1280,580
982,181 1140,235 1160,213 1041,166
243,126 262,156 389,122 348,100
direction
1:1-1 8,240 - 122,172 0,232 0,359 181,285 239,210 209,150
2:1-2 1130,740 - 156,158 1280,960 1280,534 273,129
3:1-3 1032,163 - 208,149 470,247 833,286 1151,222 995,165 658,172 317,123
4:2-4 318,87 - 759,85 397,110 260,139 399,176 559,168 857,119
5:2-1 8,295 - 755,82 361,125 0,208 0,374 574,185 922,141
6:2-2 1130,621 - 930,146 762,170 772,307 1280,558 1280,960 587,509 515,257 611,140 812,100
7:3-3 1120,205 - 1280,395 1106,296 1147,219 1009,170 899,210 939,395 1280,570
8:3-4 308,119 - 1280,428 412,109 250,140 1280,646
9:3-1 8,340 - 1280,637 455,291 231,287 0,390 0,228 235,153 518,157 786,222 1280,423
10:4-2 1130,880 - 0,955 1280,955 1280,615 522,488 0,691
11:4-3 1075,188 - 0,831 1160,221 974,158 622,228 0,483
12:4-4 278,158 - 0,558 616,291 588,178 394,111 244,141 342,227 271,293 0,393