start
451,370 387,417 704,453 738,402
1061,523 1080,624 1203,616 1183,543
693,599 668,673 990,706 1039,624
68,438 61,520 210,545 266,442
end
0,431 0,517 55,528 40,442
262,600 239,643 480,664 509,623
1177,543 1144,622 1265,624 1232,551
847,404 828,444 1038,476 1040,426
direction
1:1-1 22,434 - 421,386 304,456 0,436 0,499 329,519 469,480 535,400
2:1-2 375,629 - 478,393 228,615 539,642 675,410
3:1-3 1166,526 - 733,417 747,501 1280,541 1280,624 630,564 558,489 608,404
4:2-4 1008,478 - 1280,563 1051,522 1041,445 833,423 795,504 991,576 1280,607
5:2-1 20,495 - 0,508 1280,627 1280,550 766,483 0,437
6:2-2 427,654 - 1280,626 578,575 523,644 249,615 322,519 706,476 1280,547
7:3-3 1142,634 - 1001,690 1109,623 1280,624 1280,556 1067,539 950,590 922,681
8:3-4 944,436 - 748,665 801,423 1051,448 971,684
9:3-1 20,533 - 790,673 828,571 744,480 0,428 0,508 681,572 676,666
10:4-2 288,596 - 0,504 303,555 248,623 514,643 580,546 468,460 0,429
11:4-3 1132,587 - 0,508 1280,627 1280,550 766,483 0,437
12:4-4 861,401 - 0,511 774,580 992,557 1046,447 804,418 773,487 0,443