start
34,257 58,312 304,205 228,178
507,143 658,157 739,133 607,93
857,535 1049,657 1110,455 984,380
0,510 0,934 256,918 185,658 54,481
end
0,318 0,462 98,409 30,314
790,960 1020,960 1088,698 990,628
770,170 911,228 958,192 842,150
263,190 337,155 279,145 214,180
direction
1:1-1 7,344 - 39,264 33,299 0,325 0,453 104,342 122,271 92,239
2:1-2 1004,807 - 89,241 972,914 1051,669 180,200
3:1-3 815,160 - 133,225 272,286 526,291 786,262 935,205 762,151 574,178 355,186 249,179
4:2-4 295,145 - 621,104 535,116 347,139 247,177 400,184 594,157 675,123
5:2-1 5,388 - 590,93 0,316 0,467 740,143
6:2-2 1031,731 - 744,146 647,207 644,362 756,468 1052,657 954,955 871,789 412,501 453,230 665,117
7:3-3 918,199 - 1126,420 990,330 954,209 795,158 766,261 886,412 1090,540
8:3-4 287,168 - 1117,450 654,222 344,138 233,185 1072,588
9:3-1 5,429 - 1043,695 600,505 327,453 0,485 0,295 422,263 806,344 1096,528
10:4-2 969,913 - 0,960 960,960 1048,671 478,542 0,735
11:4-3 863,179 - 0,859 992,223 735,142 0,482
12:4-4 267,190 - 0,647 395,388 466,183 347,138 239,178 203,326 0,481