start
0,269 0,416 728,232 615,182
1098,141 920,190 1703,350 1759,250
1818,320 1666,640 1920,685 1920,338
0,491 0,1080 811,1080 1069,923 118,451
end
0,439 0,754 137,678 64,412
1807,625 1797,1000 1920,1013 1920,638
1466,199 1413,220 1715,283 1744,246
106,252 218,283 580,218 505,202
direction
1:1-1 17,546 - 0,271 176,244 400,358 358,593 0,763
2:1-2 1790,819 - 0,272 0,364 1920,1060 1920,568 246,233
3:1-3 1596,200 - 238,231 567,302 1112,303 1500,205 1774,250 1708,363 1466,488 970,511 525,472 0,267
4:2-4 307,243 - 1197,158 871,216 539,193 76,253 529,357 958,403 1279,313 1525,211
5:2-1 21,636 - 1555,217 1177,151 0,448 0,827
6:2-2 1790,712 - 1541,213 1390,284 1508,500 1920,669 1920,1050 1512,990 1160,675 997,416 1002,205 1202,156
7:3-3 1736,277 - 1920,683 1449,571 1331,481 1308,278 1468,199 1747,246 1729,374 1920,431
8:3-4 222,239 - 1920,683 1920,398 544,195 69,258
9:3-1 23,703 - 0,911 0,453 515,370 1146,304 1613,344 1920,426 1920,682 1437,565 650,678
10:4-2 1790,918 - 881,1080 1390,982 1920,1049 1920,629 1234,521 628,591 0,854 0,1080
11:4-3 1662,237 - 517,1080 1795,258 1380,185 0,660 0,1080
12:4-4 139,229 - 141,1080 736,720 952,484 922,292 615,185 155,253 346,304 269,502 0,652 0,1080