start
1107,25 1073,55 1250,120 1293,87
1832,611 1826,816 1920,816 1920,609
0,566 0,770 87,755 119,504
end
0,427 0,566 55,549 50,414
1803,820 1360,1080 1920,1080 1920,849
1303,75 1257,109 1543,193 1500,120
direction
1:1-1 17,455 - 1043,8 304,232 0,397 0,587 1020,258 1302,85
2:1-2 1765,928 - 1138,36 957,164 907,348 1116,873 1400,1080 1920,1080 1920,754 1730,660 1302,206 1306,93
3:2-3 1455,112 - 1920,634 1662,431 1537,167 1291,91 1219,176 1320,448 1576,693 1920,841
4:2-1 17,524 - 1920,936 704,566 162,515 0,585 0,387 204,320 692,281 1233,349 1920,658
5:3-2 1519,1025 - 0,790 364,766 1054,1080 1920,1080 1920,758 1127,517 582,431 0,583
6:3-3 1345,83 - 0,793 1062,590 1600,296 1538,167 1272,81 836,230 0,541